263514.6099998951 
314 
30494.0 38938.0 
30497.0 38877.0 
30506.0 38784.0 
30509.0 38723.0 
30519.0 38487.0 
30522.0 38426.0 
30531.0 38333.0 
30534.0 38272.0 
30547.0 38262.0 
30550.0 38201.0 
30554.0 38179.0 
30557.0 38118.0 
30564.0 38098.0 
30573.0 38047.0 
30578.0 37868.0 
30579.0 37728.0 
30582.0 37667.0 
30595.0 37657.0 
30598.0 37596.0 
30609.0 37554.0 
30612.0 37493.0 
30616.0 37442.0 
30619.0 37381.0 
30628.0 37288.0 
30629.0 36597.0 
30632.0 36536.0 
30641.0 36443.0 
30644.0 36382.0 
30657.0 36126.0 
30658.0 35986.0 
30661.0 35925.0 
30674.0 35915.0 
30677.0 35854.0 
30688.0 35812.0 
30691.0 35751.0 
30704.0 35741.0 
30707.0 35680.0 
30718.0 35664.0 
30721.0 35603.0 
30734.0 35593.0 
30737.0 35532.0 
30752.0 35433.0 
30755.0 35372.0 
30768.0 35362.0 
30771.0 35301.0 
30782.0 35181.0 
30783.0 35041.0 
30786.0 34980.0 
30799.0 34970.0 
30802.0 34909.0 
30813.0 34867.0 
30816.0 34806.0 
30829.0 34796.0 
30832.0 34735.0 
30843.0 34719.0 
30846.0 34658.0 
30859.0 34648.0 
30862.0 34587.0 
30877.0 34488.0 
30880.0 34427.0 
30893.0 34417.0 
30896.0 34356.0 
30907.0 34340.0 
30910.0 34279.0 
30923.0 34269.0 
30926.0 34208.0 
30953.0 34151.0 
30966.0 34141.0 
30969.0 34080.0 
30972.0 34025.0 
30985.0 34015.0 
30988.0 33954.0 
30999.0 33938.0 
31002.0 33877.0 
31015.0 33867.0 
31018.0 33806.0 
31045.0 33749.0 
31058.0 33739.0 
31061.0 33678.0 
31083.0 33673.0 
31086.0 33612.0 
31099.0 33602.0 
31102.0 33541.0 
31120.0 33533.0 
31123.0 33472.0 
31174.0 33411.0 
31175.0 33271.0 
31178.0 33210.0 
31191.0 33200.0 
31194.0 33139.0 
31272.0 33107.0 
31278.0 33105.0 
31280.0 32937.0 
31283.0 32876.0 
31296.0 32866.0 
31299.0 32805.0 
31363.0 32759.0 
31388.0 32733.0 
31408.0 32627.0 
31411.0 32566.0 
31424.0 32556.0 
31427.0 32495.0 
31437.0 32479.0 
31468.0 32425.0 
31513.0 32293.0 
31516.0 32232.0 
31529.0 32222.0 
31532.0 32161.0 
31596.0 32115.0 
31606.0 32099.0 
31621.0 32089.0 
31638.0 31928.0 
31641.0 31867.0 
31654.0 31857.0 
31657.0 31796.0 
31701.0 31781.0 
31735.0 31764.0 
31746.0 31724.0 
31786.0 31625.0 
31789.0 31564.0 
31792.0 31531.0 
31795.0 31470.0 
31826.0 31416.0 
31897.0 31406.0 
31898.0 31378.0 
31901.0 31317.0 
31914.0 31307.0 
31917.0 31246.0 
31940.0 31228.0 
31943.0 31167.0 
31946.0 31152.0 
31961.0 31151.0 
31964.0 31090.0 
32042.0 31058.0 
32052.0 30981.0 
32055.0 30920.0 
32086.0 30866.0 
32094.0 30849.0 
32106.0 30822.0 
32112.0 30787.0 
32115.0 30772.0 
32137.0 30768.0 
32169.0 30745.0 
32193.0 30740.0 
32203.0 30663.0 
32206.0 30602.0 
32221.0 30601.0 
32224.0 30540.0 
32257.0 30504.0 
32263.0 30469.0 
32275.0 30442.0 
32307.0 30419.0 
32354.0 30403.0 
32367.0 30393.0 
32370.0 30332.0 
32372.0 30283.0 
32375.0 30222.0 
32423.0 30185.0 
32426.0 30124.0 
32449.0 30085.0 
32462.0 30075.0 
32465.0 30014.0 
32536.0 30013.0 
32539.0 29952.0 
32549.0 29931.0 
32555.0 29852.0 
32558.0 29791.0 
32571.0 29781.0 
32574.0 29720.0 
32587.0 29710.0 
32590.0 29649.0 
32634.0 29634.0 
32668.0 29617.0 
32679.0 29577.0 
32709.0 29455.0 
32712.0 29394.0 
32725.0 29384.0 
32728.0 29323.0 
32759.0 29269.0 
32832.0 29268.0 
32837.0 29237.0 
32848.0 29197.0 
32878.0 29075.0 
32881.0 29014.0 
32894.0 29004.0 
32897.0 28943.0 
32975.0 28911.0 
33022.0 28906.0 
33052.0 28784.0 
33055.0 28723.0 
33068.0 28713.0 
33071.0 28652.0 
33102.0 28598.0 
33175.0 28597.0 
33180.0 28566.0 
33191.0 28526.0 
33221.0 28404.0 
33224.0 28343.0 
33237.0 28333.0 
33240.0 28272.0 
33318.0 28240.0 
33455.0 28215.0 
33540.0 28209.0 
33569.0 28203.0 
33582.0 28193.0 
33585.0 28132.0 
33622.0 28123.0 
33695.0 28117.0 
33709.0 28113.0 
33722.0 28107.0 
33742.0 28066.0 
33749.0 28052.0 
33752.0 27991.0 
33765.0 27981.0 
33768.0 27920.0 
33803.0 27893.0 
33816.0 27883.0 
33819.0 27822.0 
33888.0 27790.0 
34091.0 27788.0 
34119.0 27759.0 
34143.0 27699.0 
34176.0 27682.0 
34206.0 27669.0 
34219.0 27659.0 
34222.0 27598.0 
34239.0 27597.0 
34242.0 27536.0 
34287.0 27531.0 
34300.0 27521.0 
34303.0 27460.0 
34320.0 27459.0 
34323.0 27398.0 
34401.0 27366.0 
34466.0 27323.0 
34498.0 27269.0 
34535.0 27248.0 
34543.0 27189.0 
34579.0 27131.0 
34688.0 27013.0 
34691.0 26952.0 
34769.0 26920.0 
34868.0 26870.0 
35005.0 26851.0 
35016.0 26846.0 
35019.0 26785.0 
35079.0 26781.0 
35082.0 26720.0 
35157.0 26716.0 
35160.0 26710.0 
35210.0 26680.0 
35223.0 26670.0 
35226.0 26609.0 
35246.0 26602.0 
35249.0 26541.0 
35311.0 26520.0 
35314.0 26474.0 
35327.0 26464.0 
35330.0 26403.0 
35368.0 26400.0 
35424.0 26372.0 
35433.0 26333.0 
35446.0 26323.0 
35449.0 26262.0 
35533.0 26260.0 
35546.0 26250.0 
35549.0 26189.0 
35569.0 26182.0 
35572.0 26121.0 
35632.0 26117.0 
35634.0 26115.0 
35635.0 26056.0 
35637.0 26054.0 
35650.0 26044.0 
35653.0 25983.0 
35713.0 25979.0 
35716.0 25918.0 
35866.0 25899.0 
35877.0 25868.0 
35937.0 25864.0 
35940.0 25803.0 
36259.0 25764.0 
36271.0 25735.0 
36321.0 25712.0 
36390.0 25680.0 
36409.0 25635.0 
36420.0 25604.0 
36472.0 25590.0 
36475.0 25567.0 
36498.0 25525.0 
36510.0 25490.0 
36513.0 25429.0 
36524.0 25398.0 
36599.0 25380.0 
36602.0 25319.0 
36639.0 25310.0 
36643.0 25257.0 
36732.0 25215.0 
36743.0 25184.0 
36795.0 25170.0 
36806.0 25119.0 
36833.0 25070.0 
36836.0 25009.0 
36847.0 24978.0 
36907.0 24974.0 
36910.0 24913.0 
37724.0 24887.0 
37857.0 24869.0 
38138.0 24840.0 
38308.0 24827.0 
38377.0 24795.0 
38694.0 24791.0 
38725.0 24782.0 
38876.0 24775.0 
